2055974280 38585232 0
2929 38586048 1
3191 38586048 0
5431 38586080 1
5692 38586080 0
7941 38586112 1
8188 38586112 0
8746 38586144 1
10295 38586144 16
10295 38586176 1
10295 38586176 16
10295 38586208 1
8570 38586208 16
8570 38586240 1
6990 38586240 16
6990 38586272 1
6990 38586272 16
6990 38586304 1
5330 38586304 16
5330 38586336 1
4170 38586336 16
4170 38586368 1
4170 38586368 16
4170 38586400 1
2550 38586400 16
2550 38586432 1
825 38586432 16
825 38586464 1
825 38586464 16
825 38586496 1
705 38586496 0
10415 38586528 1
2351 38586528 0
